
data_list = [[58694.91, 58593.43], [58352.89, 58272.43], [57705.43, 57716.4], [56357.91, 56726.0], [54776.29, 55518.4], [53198.31, 54264.14], [51613.48, 53011.71], [50035.52, 51827.43], [48911.14, 50966.43], [48335.46, 50459.34], [47990.23, 50137.43], [47721.83, 49880.91], [47534.83, 49697.09], [47412.74, 49577.29], [47317.63, 49477.14], [47244.46, 49401.23], [47183.66, 49339.97], [47132.0, 49292.89], [47093.14, 49250.37], [47066.63, 49218.83], [47047.89, 49200.09], [47032.34, 49184.09], [47025.94, 49177.69], [47018.17, 49170.83], [47017.71, 49169.46], [47023.66, 49175.86], [47030.06, 49179.52], [47040.57, 49192.31], [47077.6, 49224.31], [47166.31, 49320.34], [47259.14, 49420.48], [47351.06, 49509.2], [47460.8, 49626.26], [47597.97, 49761.6], [47769.43, 49937.17], [47998.06, 50160.31], [48333.69, 50479.03], [48972.46, 51025.46], [50316.31, 52007.17], [51883.31, 53198.31], [53447.11, 54434.74], [55014.11, 55669.8], [56573.8, 56837.63], [57678.97, 57679.89], [58212.6, 58139.89], [58495.66, 58396.43], [58694.54, 58581.6], [58789.63, 58671.69], [58775.0, 58654.31], [58681.26, 58566.52], [58451.26, 58352.54], [57772.23, 57802.91], [56251.4, 56684.46], [54678.43, 55133.89], [53093.11, 53573.71], [51506.89, 52005.31], [49917.0, 50433.71], [48323.91, 48863.48], [47489.89, 48190.86], [47118.6, 47853.4], [46852.03, 47598.71], [46642.6, 47396.14], [46488.52, 47243.89], [46384.71, 47136.43], [46317.48, 47062.8], [46261.71, 47005.2], [46220.57, 46964.52], [46184.91, 46930.23], [46159.77, 46905.09], [46143.31, 46880.4], [46122.74, 46857.09], [46112.23, 46834.69], [46104.46, 46825.54], [46094.86, 46813.66], [46091.2, 46808.17], [46089.37, 46804.52], [46094.86, 46806.8], [46095.77, 46804.06], [46101.26, 46805.89], [46127.77, 46833.31], [46169.83, 46875.83], [46215.11, 46921.11], [46274.11, 46983.77], [46374.71, 47083.46], [46511.91, 47215.17], [46749.71, 47441.03], [47417.29, 47978.74], [48894.66, 49052.37], [50375.26, 50510.57], [51814.26, 51932.66], [53201.11, 53310.37], [54494.23, 54607.14], [55624.57, 55767.66], [55650.17, 55788.23], [54510.69, 55055.26], [53187.83, 53872.8], [51796.86, 52509.29], [50344.6, 51090.43], [48840.69, 49618.54], [47296.54, 48113.29], [45748.71, 46592.0], [44190.83, 45050.14], [42621.52, 43504.17], [41040.31, 41952.71], [39472.4, 40625.31], [38429.86, 39826.94], [37742.6, 39260.4], [37301.8, 38868.09], [36981.71, 38567.2], [36727.48, 38327.14], [36537.71, 38140.11], [36392.31, 37996.09], [36288.97, 37890.91], [36218.09, 37821.86], [36171.91, 37776.14], [36139.0, 37746.43], [36124.83, 37729.52], [36123.91, 37722.66], [36132.6, 37729.97], [36156.83, 37755.11], [36196.6, 37795.83], [36242.8, 37846.6], [36316.89, 37921.6], [36431.2, 38039.57], [36589.86, 38200.06], [36802.94, 38406.29], [37113.43, 38693.91], [37580.29, 39113.23], [38404.71, 39782.2], [39920.52, 40861.77], [41511.77, 42303.03], [43115.37, 43874.6], [44724.46, 45451.2], [46332.63, 47031.46], [47948.11, 48613.09], [49555.83, 50196.09], [51158.06, 51784.57], [52764.86, 53365.74], [54369.83, 54944.17], [55949.17, 56286.66], [56998.11, 57099.66], [57690.86, 57675.34], [58131.66, 58067.66], [58445.34, 58360.77], [58664.83, 58568.83], [58800.63, 58702.34], [58873.77, 58773.66], [58865.09, 58765.43], [58772.29, 58675.37], [58635.54, 58542.29], [58418.8, 58339.26], [58044.31, 58005.46], [57373.06, 57456.29], [56204.31, 56585.2], [54659.71, 55430.17], [53085.37, 54015.43], [51505.54, 52475.86], [49915.2, 50914.34], [48319.83, 49337.26], [46723.54, 47755.6], [45124.52, 46173.94], [43528.23, 44591.37], [41929.66, 43009.71], [40354.89, 41801.2], [39611.4, 41185.74], [39210.86, 40818.11], [38968.06, 40584.46], [38790.2, 40410.71], [38664.0, 40283.14], [38575.29, 40189.4], [38503.94, 40112.57], [38435.83, 40045.34], [38372.29, 39979.52], [38322.91, 39926.03], [38289.09, 39890.37], [38264.4, 39856.54], [38238.34, 39831.86], [38223.26, 39816.77], [38221.43, 39816.31], [38254.34, 39848.77], [38313.34, 39901.83], [38379.66, 39972.71], [38492.14, 40086.57], [38661.31, 40249.34], [38853.83, 40438.66]];

